10011
10012
10013
10022
10023
10024
10032
10033
10034
10035
10042
10043
10044
10052
10053
10054
10084
10094
10095
10104
10105
10113
10114
10124
10125
10133
10134
10184
10185
10193
10194
20014
20015
20034
20054
20055
20064
20065
30012
30013
30014
30022
30023
30024
30032
30033
30034
30042
30043
30044
30053
30054
30062
30063
30064
30072
30073
30074
30082
30083
30084
30092
30093
30094
30112
30113
30114
30123
30124
30164
30165
30193
30194
30233
30234
30254
30255
30264
30265
30273
30274
30282
30283
30284
30293
30294
30302
30303
30304
30313
30314
40013
40014
40024
40025
40033
40034
40114
40115
40123
40124
40133
40134
